149 177 178 168 138 93 148 115 70 99 199 134 181 84 133 59 152 66 98 132 159 54 190 87 89 161 189 123 196 187 180 124 55 171 170 52 194 80 81 153 69 143 188 113 71 137 190 191 56 200 
188 140 91 108 68 145 155 65 119 65 95 63 147 122 64 129 65 96 167 177 105 169 138 105 188 159 53 83 57 171 172 136 151 114 171 57 177 83 78 91 146 134 155 102 114 170 70 99 53 61 
59 112 165 61 170 196 59 129 146 56 120 84 124 135 155 191 165 177 171 66 160 130 182 187 84 158 102 96 183 98 129 166 160 110 80 109 118 138 63 184 52 83 185 100 52 119 163 65 131 186 
184 186 157 192 82 87 180 127 154 104 118 107 76 178 143 136 145 71 148 78 105 190 60 84 81 163 155 132 88 187 110 145 69 164 192 102 106 156 124 102 188 181 105 77 85 175 118 195 75 81 
185 125 190 166 149 169 115 150 91 181 93 107 133 157 158 103 142 108 157 114 187 63 144 93 136 76 142 86 181 187 61 60 64 57 123 140 127 193 162 166 182 91 138 136 60 66 200 186 102 119 
88 139 171 187 134 137 109 137 179 149 115 52 168 153 135 70 105 141 92 199 122 95 56 107 128 133 196 63 119 72 76 165 150 114 166 88 148 85 139 114 78 151 137 76 181 135 54 176 139 53 
127 126 71 55 162 139 73 117 72 74 167 105 126 90 96 77 99 178 198 95 97 123 124 189 152 135 59 164 144 52 173 68 153 104 105 88 97 62 78 110 113 73 166 104 77 158 71 68 183 154 
164 100 66 101 92 59 200 144 90 174 182 98 105 77 72 156 198 171 129 175 196 138 126 73 108 121 116 150 175 136 166 62 107 114 195 101 163 168 154 63 129 183 160 75 82 130 79 195 191 55 
132 134 128 82 55 130 167 135 188 112 151 180 80 137 108 81 84 145 161 173 180 197 57 133 130 167 197 132 198 179 103 178 192 174 127 130 129 192 81 56 151 59 144 106 97 57 121 177 154 69 
162 188 123 139 79 50 56 68 195 138 143 105 126 150 156 187 89 170 115 100 70 175 73 124 97 124 72 142 124 51 131 129 189 180 117 125 122 191 112 198 66 63 62 166 175 114 83 188 165 98 
63 189 71 108 87 103 50 152 148 152 118 190 103 94 63 122 132 135 137 135 82 186 51 126 90 143 188 144 91 157 147 114 162 79 197 159 79 64 143 106 150 193 130 104 70 158 156 142 123 190 
99 151 114 81 189 95 200 162 125 93 60 193 81 124 135 191 134 102 154 192 163 64 195 111 55 137 92 173 185 71 182 50 155 128 113 53 164 51 196 91 123 194 80 59 111 186 140 82 194 99 
172 184 144 104 81 94 119 109 141 115 115 198 85 126 178 194 197 86 64 74 171 139 190 156 157 89 177 63 174 105 106 86 56 158 74 161 193 73 113 74 99 72 165 60 200 111 62 97 94 129 
73 101 53 108 57 72 199 132 167 127 67 53 81 81 93 51 184 171 154 173 159 163 59 105 197 107 119 198 175 123 196 101 172 71 59 144 82 115 181 152 71 148 88 62 198 183 176 65 56 79 
171 104 97 137 175 88 174 189 182 165 160 185 51 189 140 82 88 130 192 82 138 86 125 56 191 160 107 117 110 68 120 133 135 79 93 136 63 164 155 161 109 139 130 121 173 94 159 84 176 146 
189 158 165 133 64 84 161 117 88 140 65 196 154 136 79 196 188 81 148 141 151 182 57 135 75 156 83 87 54 181 195 162 199 151 120 162 172 169 76 196 141 139 117 104 184 195 167 143 142 123 
168 95 119 118 170 62 158 141 115 106 54 183 155 192 71 101 68 158 79 102 146 100 140 81 105 162 187 122 100 108 191 190 69 72 113 139 125 171 112 155 63 52 182 54 199 139 128 129 141 71 
117 132 119 178 131 163 80 108 84 185 165 166 146 143 162 82 141 119 189 155 148 60 83 101 108 65 156 102 116 134 75 125 113 60 176 66 186 56 152 98 200 52 185 134 138 71 64 104 155 85 
162 199 198 98 90 90 56 189 144 68 105 93 121 54 146 141 188 199 96 120 193 102 51 153 119 175 175 143 59 82 53 74 128 78 66 136 63 125 197 104 113 72 188 67 140 163 89 187 158 148 
134 188 134 62 161 169 62 188 135 157 187 80 139 122 165 64 184 127 188 128 196 92 154 187 179 194 55 122 69 163 76 128 136 174 121 185 94 81 95 121 70 142 100 127 57 121 178 169 103 98 
