92 120 153 175 78 162 152 186 81 165 57 157 118 158 50 165 129 183 197 113 168 113 104 113 180 109 138 76 185 159 94 185 98 122 162 52 146 67 62 54 69 67 145 83 161 151 183 91 104 173 
102 114 130 149 182 56 172 65 154 91 194 167 147 158 50 123 59 160 132 194 140 94 84 70 122 59 149 181 138 141 184 81 158 102 159 59 135 86 165 154 139 159 155 135 122 51 135 200 99 74 
145 104 77 65 129 62 65 192 96 93 125 175 69 89 153 153 60 149 128 200 197 139 80 61 159 124 175 188 170 192 52 71 144 100 55 55 131 141 170 87 173 164 95 78 142 143 140 142 102 115 
64 121 88 152 77 129 154 183 50 165 50 149 108 73 98 171 152 174 101 163 145 50 102 58 191 60 113 97 142 192 101 86 192 197 188 80 53 191 90 193 140 51 50 182 120 103 128 138 186 101 
129 50 120 184 63 179 146 55 73 168 147 71 184 180 50 195 175 176 192 174 76 173 122 94 78 163 59 131 60 111 167 146 81 83 190 89 90 161 189 167 193 182 111 104 177 196 121 59 108 148 
200 104 70 128 171 110 116 174 169 75 175 184 148 188 58 154 118 65 71 77 139 73 119 179 107 106 63 74 176 54 126 69 196 104 190 200 53 88 80 58 52 104 159 139 72 127 88 63 82 60 
200 137 158 80 184 106 175 144 132 188 184 174 149 73 119 97 104 62 175 196 114 171 186 184 152 191 79 194 130 126 82 122 72 85 149 62 197 124 174 83 75 147 150 128 171 53 176 104 88 130 
88 168 143 179 109 75 147 95 198 185 69 116 80 95 192 101 59 68 194 155 77 186 190 146 128 104 122 116 88 95 123 51 132 67 169 105 80 95 147 189 197 76 174 170 157 73 166 51 176 174 
147 179 127 65 178 67 56 162 158 125 146 137 191 60 93 129 125 192 176 52 154 197 194 163 193 182 62 98 54 89 78 172 101 90 82 182 196 80 73 86 67 158 157 95 133 77 97 160 176 132 
138 158 177 130 190 166 99 111 113 159 75 53 141 184 188 141 120 193 106 187 53 132 167 53 194 84 91 159 164 142 114 137 127 118 79 135 85 128 103 125 140 197 149 66 178 53 162 198 82 156 
73 76 66 132 100 159 151 169 65 197 51 81 111 179 119 189 182 194 122 118 190 152 92 96 51 88 196 97 162 185 80 77 119 174 73 87 195 134 185 58 57 68 165 155 121 137 59 128 54 125 
130 76 123 184 192 145 164 68 94 54 103 88 194 60 118 142 79 179 107 150 121 166 76 90 199 115 174 102 159 85 179 183 135 115 51 120 168 126 120 84 114 141 135 108 164 159 100 78 127 154 
172 138 53 95 134 111 192 189 81 79 145 165 133 157 51 72 197 73 175 72 162 57 89 141 182 50 156 72 101 63 156 87 53 91 194 157 97 116 71 172 185 132 166 115 106 125 140 111 117 67 
182 116 80 191 195 167 100 85 149 50 161 170 146 78 98 61 116 156 139 77 111 189 156 85 183 85 139 148 103 113 195 184 123 186 128 74 199 51 127 143 88 143 172 151 119 96 128 164 118 143 
133 104 173 84 193 123 126 174 131 125 131 137 145 119 52 158 107 184 62 103 125 64 189 192 183 197 140 137 50 124 160 123 115 139 165 178 129 194 194 125 129 88 161 115 61 78 142 161 127 79 
86 52 192 52 180 146 99 187 165 68 146 178 171 195 117 112 185 61 173 156 99 81 193 60 170 149 117 179 77 119 151 61 166 102 50 69 61 196 127 132 191 79 179 172 198 109 182 88 72 102 
165 76 126 138 80 195 179 70 116 147 114 53 146 111 86 183 107 141 98 183 182 183 112 87 144 165 102 162 53 121 162 86 173 84 71 184 158 185 97 178 92 72 174 89 85 50 128 93 94 50 
72 200 179 173 159 181 112 126 168 150 83 95 77 132 197 72 153 57 195 158 183 199 157 104 146 143 96 132 161 108 127 94 185 131 190 71 159 169 87 84 189 116 176 187 84 70 164 139 102 149 
116 77 129 180 52 152 188 86 162 151 99 76 98 180 150 118 144 138 127 188 150 130 82 53 88 104 196 64 85 149 70 193 151 193 126 194 51 189 120 183 117 181 198 169 132 123 103 92 121 165 
126 98 164 117 181 55 187 142 160 145 197 176 177 173 84 140 103 184 56 95 186 50 104 138 154 131 130 105 148 89 59 79 104 78 69 107 183 159 89 133 70 70 67 51 53 173 153 141 185 122 
