70 147 75 173 127 196 198 110 124 137 118 71 141 172 100 52 173 151 103 61 140 94 188 70 64 56 199 132 183 188 59 71 71 135 52 53 157 169 198 183 189 155 180 169 139 97 142 77 63 56 
68 159 183 132 130 52 130 130 63 162 112 73 64 83 77 78 108 183 100 55 140 180 173 130 165 194 52 133 146 92 63 145 198 187 64 101 132 156 146 162 169 162 154 168 50 122 94 146 67 62 
148 75 155 199 120 117 102 102 50 100 82 69 147 89 153 145 128 62 194 113 198 87 151 59 106 62 83 176 57 118 180 189 192 132 114 62 156 82 136 99 162 109 117 152 61 77 165 129 120 66 
57 134 148 200 65 183 74 84 123 97 134 136 57 108 133 119 82 63 185 197 76 185 116 100 155 62 87 53 132 187 89 145 109 150 91 106 81 58 166 94 174 70 117 102 182 67 175 60 166 72 
191 100 155 160 101 155 144 142 137 177 67 161 95 169 177 113 51 71 186 61 195 89 127 150 183 128 101 107 73 121 62 126 85 89 116 74 156 190 75 155 199 66 102 142 195 144 129 154 132 124 
185 64 128 53 72 111 134 89 80 69 195 150 115 143 163 69 123 74 177 104 131 193 191 150 187 174 156 61 180 122 66 52 149 189 88 107 136 56 158 72 52 196 154 130 104 61 197 162 157 106 
63 87 86 67 113 170 87 94 197 50 131 195 116 158 118 54 54 54 192 111 64 70 67 72 173 185 158 140 189 96 166 64 170 163 59 66 194 76 136 140 92 73 131 119 174 198 97 131 157 137 
150 121 50 140 141 137 181 118 142 67 71 113 64 91 106 189 58 197 142 182 184 198 73 81 67 116 62 145 62 86 83 133 117 109 86 102 109 176 108 174 116 150 157 64 185 129 85 161 135 195 
196 109 199 103 72 159 172 132 132 182 104 133 124 105 91 121 77 134 70 70 192 131 184 120 84 164 75 67 178 61 81 114 72 144 115 88 178 77 115 136 66 101 128 136 127 103 111 72 156 174 
95 106 71 52 186 183 180 82 154 193 156 157 187 188 171 182 135 184 184 196 64 118 74 57 161 57 90 163 110 57 82 74 68 60 143 142 161 117 90 158 54 142 97 101 176 66 66 176 128 70 
188 104 76 96 148 115 194 108 173 155 61 191 151 196 143 114 58 132 188 177 148 184 126 99 87 131 121 178 166 146 80 126 143 135 100 108 57 100 187 148 81 84 130 161 132 60 139 94 71 198 
85 187 162 166 88 50 59 176 132 74 56 168 95 78 157 152 129 67 103 51 66 133 133 96 77 129 177 154 144 76 141 196 168 144 175 175 75 75 110 142 67 76 154 82 94 50 191 158 195 58 
64 64 178 121 196 170 152 131 67 117 62 86 83 121 189 73 153 185 191 54 183 78 120 83 55 88 116 118 62 139 73 192 101 149 80 116 145 119 198 75 115 108 65 95 168 102 96 171 148 88 
53 118 80 168 82 166 187 147 164 152 193 66 185 149 153 75 53 68 158 196 97 197 107 193 142 176 66 108 181 55 139 135 150 191 58 130 81 117 149 129 59 122 107 52 88 86 88 123 191 184 
120 184 81 148 66 198 97 195 59 89 171 120 185 186 186 149 79 118 145 55 82 119 196 100 88 190 137 186 157 185 107 158 69 160 117 61 91 161 155 123 128 133 142 181 122 162 130 116 108 123 
186 120 199 109 177 99 120 111 126 198 84 62 129 90 198 181 67 86 63 183 55 178 112 164 60 78 171 198 71 167 115 123 161 178 194 154 178 88 195 182 193 199 131 69 108 180 104 140 135 100 
89 121 106 70 153 90 84 125 179 186 66 171 74 78 73 115 139 69 189 131 156 155 64 140 184 130 155 117 140 69 117 155 59 198 133 67 98 110 113 57 72 82 139 95 116 89 112 144 191 182 
168 88 151 70 114 144 60 81 51 150 62 136 150 169 91 95 76 79 100 104 90 86 160 51 126 161 75 89 62 198 131 128 192 73 189 101 154 58 109 118 147 167 82 190 116 92 85 155 145 118 
165 89 150 145 76 173 137 81 90 148 52 86 124 56 153 145 124 108 192 53 154 199 157 161 118 71 86 195 166 184 66 140 153 71 168 190 141 132 94 123 155 175 99 89 111 177 60 161 124 88 
123 172 102 189 63 69 90 53 177 167 93 192 133 53 82 186 63 51 149 128 191 199 118 57 113 63 117 160 192 77 53 174 191 183 91 171 117 80 73 98 93 178 154 108 156 165 123 113 99 185 
