142 122 87 62 196 92 114 81 117 164 193 197 149 61 144 113 123 62 60 196 129 199 59 101 178 91 156 91 142 187 67 132 128 74 196 134 159 200 135 68 67 103 179 135 133 116 69 180 82 59 
140 186 96 112 163 141 118 68 158 193 62 68 110 153 57 63 155 173 167 197 136 125 73 122 87 135 149 182 103 90 149 70 84 116 134 151 80 168 159 159 77 88 156 152 84 117 188 98 123 190 
70 105 81 96 195 79 72 70 167 78 76 91 66 143 84 54 71 116 146 119 71 185 175 85 145 107 113 145 52 119 171 163 125 107 72 166 64 66 52 75 109 78 104 175 57 106 90 190 134 114 
75 128 101 53 171 155 149 63 155 93 107 144 127 188 81 83 198 110 87 103 153 111 146 163 138 69 62 171 112 74 199 107 178 66 66 199 151 89 87 149 156 169 82 122 187 177 89 73 76 200 
92 140 113 95 94 162 117 151 200 173 74 129 90 59 141 151 104 86 104 90 128 51 198 163 181 81 149 160 96 121 70 145 83 54 180 73 171 66 115 83 157 181 107 142 178 91 92 188 82 160 
90 185 86 58 195 64 179 129 180 134 150 122 72 152 86 108 64 200 91 168 191 176 98 195 106 170 186 178 144 177 187 194 71 64 176 168 51 51 177 155 52 63 93 130 114 164 149 189 139 150 
119 162 91 180 60 140 177 86 81 149 93 163 181 191 74 137 110 77 106 198 147 125 52 178 174 51 59 171 198 114 83 166 165 52 147 186 104 174 184 179 82 140 178 77 148 85 187 177 149 91 
83 164 87 86 75 78 129 98 65 53 175 83 92 157 91 145 76 179 162 85 54 106 56 138 165 198 195 190 108 78 53 68 144 106 167 166 80 80 102 187 115 183 53 75 118 148 153 152 183 187 
191 188 75 92 117 139 113 92 155 148 196 150 130 173 135 74 131 119 84 165 181 88 187 73 125 146 176 135 112 88 155 128 172 129 147 179 176 138 62 123 184 131 121 68 187 124 187 157 196 83 
167 132 102 180 87 185 107 133 191 75 120 125 120 114 108 86 77 74 97 142 193 91 158 92 63 79 127 94 119 188 152 125 167 52 154 88 65 112 190 104 151 50 134 138 188 148 178 164 189 54 
140 156 67 144 130 61 118 94 105 110 188 190 113 88 137 106 117 51 52 101 137 53 102 103 54 157 156 125 131 97 112 61 60 194 137 166 176 154 135 140 71 56 181 79 67 199 188 148 177 159 
117 132 185 61 154 95 183 65 108 134 192 152 138 159 168 122 86 90 94 106 179 64 77 117 175 117 176 161 194 146 162 54 162 81 144 132 176 157 169 54 114 154 159 71 172 69 118 114 189 186 
157 193 74 129 121 186 82 154 172 60 88 185 153 139 76 168 150 50 96 84 59 169 77 56 153 131 177 91 111 194 102 169 59 162 159 114 150 159 103 81 114 59 164 169 178 63 188 50 57 132 
57 92 153 155 190 58 167 85 179 184 152 94 69 92 121 146 77 68 57 88 118 136 82 104 180 119 63 89 58 182 200 173 112 60 91 68 179 114 68 66 115 128 192 152 169 57 84 53 138 155 
140 178 149 145 183 67 100 173 184 179 134 157 179 198 74 138 68 116 56 73 51 141 130 120 126 106 169 53 166 175 109 55 190 191 50 129 93 52 103 134 111 149 99 60 74 161 116 141 78 62 
122 126 180 148 134 171 105 151 120 113 154 129 121 170 95 189 116 149 114 92 127 74 119 124 73 174 137 95 174 149 56 122 59 54 91 164 94 113 74 190 59 163 162 64 64 112 148 95 173 160 
121 150 172 184 127 80 162 65 190 117 92 63 195 70 142 137 198 189 192 196 78 124 161 168 176 60 189 68 135 133 185 158 163 116 148 170 152 150 157 101 83 117 78 51 179 133 174 89 184 156 
67 180 108 166 135 137 56 125 57 189 91 81 100 182 161 114 177 154 162 169 135 83 137 71 102 97 94 92 98 120 57 76 173 101 106 77 124 124 135 197 195 138 152 175 156 162 60 197 140 76 
72 130 160 164 95 182 190 152 125 182 144 183 153 194 121 107 111 78 113 71 169 143 134 154 100 50 124 70 130 194 131 147 198 179 131 77 179 129 133 133 103 197 75 120 73 77 185 165 112 91 
66 113 89 60 70 138 117 104 61 74 61 168 155 90 200 166 83 58 178 128 80 76 108 79 94 120 199 129 99 57 195 195 88 131 148 129 109 109 184 133 160 79 173 107 125 199 138 96 189 81 
