106 105 154 147 192 75 189 122 111 74 175 183 132 131 179 185 149 145 153 187 150 181 196 148 171 169 186 142 198 55 187 54 113 150 91 76 116 163 194 50 70 154 110 185 163 54 136 144 120 96 
61 73 129 172 134 132 88 140 87 122 55 158 179 151 159 66 144 166 136 185 187 189 76 164 182 143 121 200 168 66 99 187 128 167 160 97 161 199 81 132 100 158 91 51 133 108 165 129 129 105 
170 120 119 122 58 60 110 191 101 172 144 74 53 93 159 177 99 123 104 141 198 176 159 176 110 52 180 181 152 165 147 76 163 177 151 155 190 104 198 200 69 105 150 108 54 95 101 156 126 200 
158 174 141 164 188 145 92 113 57 143 87 157 137 154 77 196 55 109 147 111 135 85 168 66 176 74 119 181 186 200 144 54 124 175 158 137 95 77 189 113 162 184 187 96 172 151 56 92 115 73 
150 52 51 105 111 198 127 146 61 186 179 143 78 96 166 143 144 142 76 177 127 160 55 163 167 122 163 78 112 167 73 103 71 51 57 110 86 124 121 166 97 109 132 168 179 61 57 193 95 82 
160 88 108 143 109 53 140 82 155 134 131 194 186 68 180 88 102 143 155 149 183 90 89 99 86 195 121 69 85 102 105 166 64 102 51 183 154 97 168 130 180 112 174 184 169 113 92 148 118 136 
102 55 100 146 147 160 63 187 50 165 145 73 66 152 90 97 56 177 84 53 112 122 105 147 174 70 97 193 127 68 179 66 185 157 172 75 182 150 77 150 139 178 194 120 117 109 76 146 91 100 
151 99 78 67 83 115 87 174 111 81 95 145 189 102 85 96 154 188 200 83 121 131 127 161 100 76 198 107 148 63 150 164 70 77 129 135 105 86 196 138 107 120 63 74 190 157 109 197 171 162 
159 129 181 71 84 101 92 192 197 71 115 158 99 53 68 98 114 193 147 171 51 139 197 169 191 162 61 181 134 108 101 90 113 159 72 103 99 66 162 82 97 85 72 175 128 137 132 89 141 118 
169 72 134 133 99 51 138 112 116 169 61 164 187 185 66 52 51 102 139 51 58 84 134 80 104 59 153 109 158 96 112 89 117 137 193 155 197 164 114 90 56 160 119 176 132 174 121 141 57 133 
188 130 196 199 191 148 126 94 107 199 105 132 176 143 76 152 151 170 182 113 125 113 166 83 103 185 151 53 175 161 166 155 108 159 144 94 97 84 194 153 104 110 142 175 135 168 116 96 106 72 
106 78 125 50 117 60 136 162 66 86 77 154 141 169 84 70 139 156 84 135 197 155 126 80 199 172 185 58 141 145 183 138 85 55 171 82 167 106 65 157 65 53 76 168 178 69 174 181 176 140 
178 107 159 60 182 123 118 187 173 162 192 58 71 119 146 155 111 87 112 125 58 150 95 152 67 104 165 90 158 133 159 64 56 107 95 171 151 185 101 100 193 84 146 97 92 151 72 154 199 101 
180 67 158 51 164 96 193 166 118 61 140 101 54 66 92 99 152 81 88 141 110 59 138 182 166 108 136 147 161 101 181 167 136 71 131 152 187 166 97 117 195 150 101 189 193 103 161 51 162 179 
71 93 172 182 152 67 99 131 117 99 172 160 56 178 183 171 65 70 147 163 119 172 85 119 190 127 59 94 82 86 96 141 50 79 69 98 171 109 84 101 123 80 73 160 70 185 58 141 74 104 
84 153 99 98 71 74 133 181 106 79 77 182 59 139 152 60 98 160 86 80 88 142 118 95 195 198 116 91 85 99 145 184 98 168 125 122 112 159 128 91 90 66 165 169 142 87 72 81 167 82 
183 56 70 122 84 74 177 192 190 108 123 53 136 167 52 59 81 174 161 115 96 131 136 177 162 184 124 89 134 114 91 151 98 120 122 100 182 178 172 170 78 148 167 57 81 142 171 94 103 187 
151 170 134 51 125 51 132 69 66 144 81 63 52 165 165 56 172 180 142 50 92 135 124 131 199 51 189 126 137 58 124 97 155 150 59 134 150 200 90 121 170 141 132 60 138 194 64 106 134 53 
171 163 62 51 164 130 185 174 84 67 146 152 176 151 78 67 165 140 64 197 149 191 169 162 79 168 200 123 179 66 60 58 199 164 117 153 135 73 79 153 176 143 153 96 87 148 118 131 167 61 
85 183 69 131 83 181 187 77 149 106 85 189 135 122 174 86 50 192 71 193 121 56 138 159 178 177 87 187 151 140 101 116 187 118 159 104 72 63 144 162 106 113 62 125 82 64 75 190 171 185 
