67 120 180 120 81 195 106 168 73 94 115 178 200 86 104 80 82 148 84 94 200 166 122 154 108 173 183 115 157 188 78 75 183 87 141 169 65 78 149 65 112 134 100 104 171 162 82 71 77 137 
119 107 186 57 102 50 111 132 82 75 96 150 122 98 149 120 153 70 175 65 80 158 140 139 116 182 175 183 93 51 128 187 164 114 122 147 84 122 111 196 134 140 155 117 110 96 153 146 177 126 
153 72 188 66 133 60 185 73 60 187 60 147 194 169 193 77 157 183 106 140 78 190 148 159 61 189 88 124 68 128 50 112 99 131 110 166 54 196 55 120 190 181 152 190 64 146 54 193 197 181 
154 181 120 131 110 67 59 128 199 92 54 78 83 189 178 92 184 83 155 135 101 145 84 139 183 165 117 72 69 130 58 125 163 176 179 78 178 176 147 118 82 64 106 199 158 143 161 75 91 54 
69 108 115 200 74 152 69 66 116 98 132 96 73 120 168 61 183 135 85 124 90 158 79 109 55 131 180 143 181 164 67 169 171 87 69 115 102 127 127 190 111 111 163 71 179 80 150 79 198 144 
186 87 161 64 177 151 170 160 81 137 137 109 142 67 63 88 102 103 177 88 166 83 136 194 101 117 75 195 192 175 121 143 109 164 93 70 163 115 100 168 114 151 131 81 147 150 94 168 82 154 
57 181 97 54 61 171 64 78 126 164 170 148 144 57 107 85 135 78 70 86 89 70 106 141 184 67 158 69 141 127 196 189 176 62 80 115 198 57 189 174 152 107 62 104 134 161 156 111 139 105 
185 154 59 134 58 147 71 170 53 82 68 106 57 56 114 108 72 126 83 61 188 107 189 114 95 155 102 165 105 132 177 136 136 106 72 59 142 131 82 161 109 150 179 140 53 139 122 64 131 109 
151 137 97 108 178 88 144 111 191 125 127 118 74 124 104 193 176 196 106 141 116 76 96 90 157 152 140 143 59 91 108 89 63 123 125 188 126 50 181 93 82 136 116 117 172 137 69 63 101 182 
172 154 136 72 190 175 130 115 152 161 145 167 108 95 71 55 53 137 99 141 125 77 191 192 144 110 118 64 107 126 168 148 132 71 161 123 57 79 53 185 97 59 58 87 183 158 114 164 141 124 
75 163 149 189 170 170 152 156 76 57 96 191 81 117 105 182 125 166 71 84 175 118 152 88 144 63 181 169 111 115 62 100 93 193 70 113 105 146 108 90 116 90 156 73 131 156 81 97 172 107 
94 177 122 157 71 124 51 127 200 169 123 72 124 95 98 118 104 136 72 84 151 133 74 100 61 194 144 72 75 114 56 123 95 196 115 138 80 128 96 123 137 57 194 88 50 67 104 98 116 102 
132 144 143 134 141 141 134 77 83 166 124 156 193 51 138 136 54 92 132 135 52 168 139 185 53 109 192 57 181 108 70 157 178 76 123 168 123 87 192 154 197 177 140 75 158 155 84 148 130 91 
196 113 55 192 147 159 170 124 170 181 160 88 178 154 92 123 150 93 186 78 153 108 119 193 57 106 189 54 197 85 66 96 121 109 150 92 55 193 94 162 82 189 84 97 150 99 194 117 156 146 
105 71 183 77 70 187 135 111 134 96 83 106 173 115 77 102 146 187 153 50 115 146 198 55 56 163 94 154 184 88 101 194 171 140 96 56 106 181 54 185 54 138 52 75 148 196 108 145 58 157 
77 104 56 192 60 143 93 128 67 184 53 102 114 183 131 178 107 195 121 83 119 199 67 157 59 162 123 126 131 76 120 103 167 129 179 155 138 136 119 104 76 60 78 124 198 138 94 192 76 195 
142 147 58 103 55 99 163 87 65 192 86 111 169 93 108 58 128 85 170 102 121 167 75 108 69 154 80 166 81 157 114 63 182 69 75 82 111 174 61 181 81 114 88 94 107 162 135 123 137 73 
67 188 146 64 116 57 124 89 113 152 175 168 128 113 91 186 93 97 86 110 159 174 111 111 123 101 195 160 129 116 123 103 71 170 153 106 200 92 175 168 69 60 66 135 125 63 158 127 62 188 
196 55 55 102 79 143 53 138 156 54 72 131 140 51 140 53 162 123 125 105 141 68 198 86 109 85 62 82 50 164 105 177 113 121 200 160 200 59 62 139 74 86 194 115 78 135 107 74 101 60 
90 136 79 113 169 54 118 162 140 50 181 161 65 113 176 87 88 93 68 52 58 116 95 154 69 176 113 163 131 99 113 132 92 85 180 68 126 169 117 180 62 147 190 175 113 127 179 152 67 102 
