139 95 192 159 150 91 172 139 64 120 189 153 56 126 150 141 183 59 192 77 190 121 144 184 72 55 138 75 116 188 86 136 90 177 133 100 68 109 86 101 141 83 99 71 165 181 160 174 95 140 
191 134 98 189 135 139 98 69 178 105 197 146 167 168 130 106 200 60 91 56 75 105 191 129 188 123 121 80 51 200 62 112 51 193 192 198 183 134 123 192 193 66 157 101 144 90 97 98 82 104 
75 103 114 114 57 171 154 190 178 164 53 171 114 72 124 138 99 85 57 146 103 137 171 186 100 82 118 93 62 129 192 86 183 105 69 119 112 181 122 96 138 151 139 61 60 175 128 102 60 79 
172 174 74 134 65 190 134 106 81 88 178 87 153 117 126 57 148 129 56 191 177 71 112 51 166 173 92 190 50 168 168 88 81 92 154 172 97 55 69 173 66 161 71 68 162 103 74 88 152 183 
123 147 73 136 65 159 194 76 179 93 139 63 67 161 132 99 85 151 154 154 174 120 150 122 53 83 78 197 53 163 74 188 169 53 133 115 118 155 167 117 69 76 168 71 162 179 112 113 147 180 
91 59 119 69 151 103 64 200 181 50 92 82 100 76 137 127 195 79 91 152 75 66 194 88 171 114 106 161 155 79 93 133 183 191 181 132 77 109 120 100 114 169 71 81 155 103 198 195 64 199 
114 105 101 167 160 141 154 71 160 112 132 116 57 91 64 167 190 102 136 173 172 126 92 98 184 85 60 99 149 145 114 140 171 101 168 84 107 155 86 63 142 173 109 63 106 199 95 157 132 59 
118 196 97 78 142 88 169 151 126 67 172 76 86 121 99 65 91 109 102 115 57 166 172 171 193 86 84 60 150 125 147 71 162 103 154 122 115 185 76 174 108 183 75 150 137 158 191 54 178 102 
145 64 124 97 72 67 85 71 63 90 68 135 80 192 147 146 79 181 121 84 107 185 100 194 198 136 90 61 144 118 182 104 162 108 157 129 125 111 128 81 199 167 109 51 81 158 145 148 142 90 
94 180 169 200 91 176 57 165 190 196 110 135 193 172 160 111 147 177 164 87 104 200 124 76 198 132 154 145 117 105 87 199 81 63 173 69 113 74 154 131 194 118 94 124 195 90 75 152 51 108 
178 64 141 85 151 116 76 141 159 165 71 190 194 160 99 174 186 84 85 159 164 138 128 91 111 88 66 115 76 66 93 186 161 101 106 171 74 198 55 82 107 62 56 143 67 144 130 152 128 68 
126 123 145 51 137 169 175 168 176 78 109 56 166 175 110 88 62 159 64 139 112 64 169 119 159 184 143 80 124 183 76 132 89 134 85 96 180 59 156 187 185 135 198 77 128 86 182 54 112 79 
73 123 190 141 66 157 65 100 187 107 149 104 112 69 175 80 50 107 186 165 79 108 95 158 149 152 103 180 80 163 99 134 136 89 51 167 127 127 97 160 197 129 88 149 169 115 176 177 190 133 
50 88 128 178 105 51 150 62 186 62 119 116 61 98 59 194 174 91 84 121 172 197 93 104 95 50 186 186 74 60 126 134 83 130 183 181 151 189 163 99 137 193 168 197 80 70 190 199 103 116 
125 65 98 74 187 56 138 89 109 186 196 142 168 127 116 91 135 185 63 68 83 168 132 76 94 78 125 173 193 78 103 91 141 171 180 125 107 71 151 196 188 155 158 105 100 194 94 169 178 95 
164 108 188 81 169 64 78 168 61 101 123 170 104 111 179 187 156 108 172 143 190 95 74 117 72 107 88 175 82 57 62 103 65 157 76 165 55 161 150 111 93 175 109 119 154 71 138 146 114 104 
174 176 124 67 180 88 89 179 78 122 111 154 140 85 177 79 186 53 174 166 194 136 173 136 60 84 114 117 76 70 181 66 135 138 90 185 164 62 105 74 93 149 178 50 170 55 197 69 129 198 
118 129 102 160 137 50 118 133 120 191 53 114 77 126 160 55 195 170 148 176 54 172 88 131 100 188 63 162 164 189 200 52 52 198 70 82 169 158 50 95 118 182 135 120 166 132 133 169 57 147 
103 95 67 121 98 151 107 57 191 88 163 77 168 188 108 166 148 92 197 121 158 163 175 79 91 64 99 110 165 175 171 184 157 79 164 198 86 56 100 148 173 108 171 148 190 184 81 79 89 62 
183 77 66 135 175 122 145 63 174 108 150 136 88 150 142 66 109 100 97 53 97 144 85 176 51 83 195 132 189 80 104 152 139 185 86 177 118 197 77 64 129 199 57 174 84 162 194 137 157 149 
