76 50 166 130 68 198 81 144 77 73 124 159 174 195 88 148 51 155 140 149 169 100 167 57 126 128 82 164 86 188 171 64 148 81 178 122 191 200 145 116 191 195 189 147 77 119 112 88 188 197 
117 112 178 129 187 57 167 128 173 186 145 67 101 52 83 144 168 106 101 186 111 71 87 114 116 67 107 186 100 174 86 60 114 184 101 157 78 71 66 95 87 56 152 118 80 176 126 147 149 84 
136 82 88 164 95 83 89 163 180 79 127 62 53 81 72 130 72 123 69 60 135 183 159 160 196 113 72 126 188 96 138 192 77 137 122 157 60 153 147 57 104 114 199 77 56 90 88 156 116 137 
165 192 52 188 127 114 105 149 122 108 143 99 156 99 195 171 180 175 95 173 180 113 183 173 98 156 180 166 107 151 151 182 151 96 66 159 187 126 53 197 54 84 140 57 81 64 53 182 164 104 
131 86 82 80 156 162 141 141 179 186 86 139 138 116 193 66 89 92 87 84 102 101 73 81 137 123 94 184 159 188 53 193 65 92 58 141 112 165 122 87 72 126 132 136 78 120 87 152 153 83 
182 167 61 182 162 184 64 98 79 84 160 80 58 145 61 182 164 165 177 135 62 112 150 63 58 136 166 97 156 168 105 175 77 88 79 178 83 91 119 181 79 133 197 76 171 183 102 150 157 160 
71 50 66 93 63 169 134 125 189 126 54 138 62 56 138 145 195 155 132 159 164 68 139 81 152 116 157 133 136 186 105 117 158 64 168 119 188 115 181 70 124 158 119 146 105 121 132 173 191 50 
80 57 181 156 158 117 101 162 168 189 77 128 77 162 88 199 180 189 110 121 176 80 143 167 161 190 133 105 130 144 196 128 81 117 114 190 191 114 161 200 130 150 113 65 148 112 161 54 143 63 
138 57 101 93 161 151 75 175 165 147 58 162 74 70 64 128 181 160 147 79 190 89 54 180 90 184 96 63 113 152 180 164 93 189 95 189 131 132 134 68 184 180 151 172 187 187 197 92 114 160 
90 160 90 164 178 200 129 169 158 104 178 137 194 72 68 132 147 129 51 154 91 51 141 89 194 102 186 59 115 71 62 77 90 188 106 179 68 196 163 101 119 154 176 128 163 182 120 200 103 114 
111 137 79 61 105 157 126 166 64 196 142 191 140 52 69 129 73 66 122 60 94 164 75 123 122 118 151 198 125 55 116 178 93 170 161 100 111 162 195 114 161 72 79 184 134 170 107 88 168 78 
67 54 92 187 123 51 75 122 150 184 74 59 190 194 122 70 176 80 163 136 200 134 99 90 108 147 94 165 135 153 162 192 163 191 142 97 65 120 135 178 76 116 77 70 184 167 63 126 199 122 
80 54 97 97 154 78 188 87 188 172 90 98 167 108 141 99 50 70 160 195 143 200 83 183 60 197 114 91 124 200 78 109 99 145 145 161 188 183 57 69 100 121 66 136 189 151 121 68 185 85 
69 126 131 122 100 180 68 193 150 95 108 176 198 137 125 130 160 172 104 129 139 74 83 194 159 163 123 65 147 148 136 63 58 50 177 55 136 117 112 64 167 142 155 114 116 62 179 135 109 108 
150 110 180 140 59 69 171 61 57 75 197 148 57 177 101 92 99 132 130 65 169 64 191 187 152 95 75 97 101 77 117 85 166 200 161 67 62 123 57 150 126 122 174 91 70 96 173 60 56 57 
102 153 185 94 107 163 177 76 94 72 146 130 163 57 183 186 139 169 97 80 79 134 50 174 62 61 117 189 103 200 103 163 150 124 72 152 105 144 196 189 124 176 86 110 77 111 124 188 104 63 
136 67 53 155 197 73 79 200 104 175 180 140 185 200 153 79 162 188 75 188 73 132 193 53 115 83 152 171 106 195 124 187 116 155 98 188 72 133 68 111 52 168 90 98 135 95 67 184 149 98 
67 191 162 82 109 169 86 65 77 146 136 69 196 131 92 63 191 196 127 90 102 62 106 83 132 129 136 100 82 60 149 177 132 183 109 90 64 141 126 169 150 81 116 150 98 152 88 62 159 127 
103 158 186 79 71 82 153 119 109 186 164 146 92 67 178 178 51 79 176 102 177 158 73 161 138 195 137 116 96 71 138 66 85 120 102 100 176 127 158 94 166 50 60 186 179 112 116 182 169 145 
191 96 148 191 154 100 185 138 100 99 68 104 116 85 198 85 164 121 160 129 156 64 163 165 198 138 123 153 163 182 86 108 88 74 63 76 102 53 135 86 154 89 83 128 88 88 163 185 165 51 
