103 77 109 93 145 75 97 180 60 182 172 139 191 195 184 61 59 142 134 68 60 103 131 80 65 134 170 126 171 56 55 58 74 102 180 192 175 73 145 83 144 134 182 120 194 118 76 138 134 177 
112 172 132 99 106 130 70 141 107 186 189 86 85 167 80 108 189 54 60 195 127 167 195 172 132 131 94 99 116 176 163 78 94 93 67 144 112 165 196 165 65 135 92 151 193 81 74 128 88 169 
176 116 152 139 71 153 192 161 111 108 122 153 100 172 199 109 128 92 167 168 80 129 156 126 65 178 186 130 162 175 168 151 69 176 148 107 88 68 117 70 98 178 184 145 57 164 141 67 52 165 
104 69 114 94 82 180 76 156 132 138 157 101 162 84 121 170 157 129 117 200 160 196 136 105 53 178 147 200 122 143 113 186 178 51 95 109 194 194 171 137 71 178 176 194 148 76 192 107 191 56 
180 59 163 145 84 195 53 71 191 106 93 79 56 198 157 92 125 56 125 90 174 78 159 123 190 124 91 114 70 58 77 144 157 200 161 152 184 60 174 200 160 155 193 97 163 149 79 118 160 102 
162 112 141 155 64 92 174 153 156 51 74 154 63 143 79 107 81 172 155 133 67 131 185 143 150 139 192 52 97 155 160 104 175 77 56 148 181 155 112 75 91 68 152 135 59 52 140 154 193 184 
96 149 110 133 96 161 190 171 131 128 183 177 92 51 79 127 136 51 113 180 136 122 144 67 185 105 97 121 78 99 59 191 191 55 191 124 185 131 129 184 199 59 125 107 77 71 135 125 74 68 
186 131 89 60 151 125 127 76 173 95 92 137 183 67 93 166 168 118 141 114 126 190 91 194 128 114 87 127 191 109 93 167 89 73 115 91 140 193 170 125 100 120 85 149 58 166 147 99 167 77 
113 156 79 77 190 181 65 170 105 165 138 142 199 71 82 170 62 105 184 92 127 84 111 139 113 150 126 106 166 138 127 65 104 138 82 53 199 190 77 191 113 121 61 157 173 171 90 80 87 125 
95 120 199 152 104 194 89 144 114 138 51 175 109 92 118 77 121 54 54 147 120 193 100 64 87 112 179 161 156 165 198 163 181 148 59 135 93 125 78 118 98 78 80 162 139 116 168 128 69 186 
75 189 118 141 61 52 84 140 161 102 139 132 107 65 189 68 68 52 63 171 152 198 191 72 160 116 60 194 119 130 148 129 57 65 114 97 145 128 114 94 140 116 167 88 134 113 57 99 58 132 
115 70 85 192 99 136 128 113 133 182 143 58 169 187 177 186 115 75 54 169 129 155 67 83 184 87 152 128 70 181 97 64 164 107 111 196 173 159 52 138 136 184 115 174 134 86 87 121 98 184 
95 187 124 72 127 94 100 134 188 60 102 128 181 50 94 66 163 144 51 55 78 89 114 102 65 124 89 180 126 102 156 181 132 184 138 73 129 153 95 179 125 153 70 77 82 51 59 131 180 104 
172 62 133 75 78 89 177 143 124 89 107 121 199 73 182 146 98 105 115 174 166 121 150 182 81 189 108 92 177 130 107 128 107 142 71 115 161 91 191 150 65 65 76 83 104 116 115 196 128 141 
56 131 122 111 155 56 138 199 192 106 84 145 195 108 75 124 130 138 155 158 151 198 88 76 159 100 166 63 110 140 90 177 153 59 198 95 186 129 133 163 200 85 132 54 95 67 187 170 175 138 
126 137 106 181 106 117 105 197 197 66 198 73 193 80 85 56 137 119 144 131 151 163 73 89 194 132 68 171 144 159 151 165 104 119 109 123 74 56 51 163 124 78 112 73 82 196 62 132 108 176 
85 83 173 156 137 82 104 154 77 113 142 144 81 182 88 152 70 190 142 86 61 143 147 144 197 57 200 138 76 52 88 59 71 141 64 116 195 92 120 143 88 181 116 55 72 64 194 74 199 78 
50 119 129 196 127 115 195 77 128 146 194 95 180 108 165 147 190 198 128 57 162 71 75 191 196 143 158 197 52 126 116 72 184 95 174 139 195 84 157 171 92 185 115 156 147 164 138 77 52 124 
51 128 120 159 167 101 102 80 150 124 166 197 193 147 66 126 51 155 148 97 137 60 59 87 69 182 174 163 64 198 99 94 157 63 150 123 193 150 198 167 95 55 98 123 53 104 165 196 143 183 
51 146 197 55 188 166 63 186 111 140 173 157 68 181 117 138 75 82 141 117 138 124 115 105 134 140 83 190 91 163 161 74 88 173 97 152 80 152 188 94 76 82 98 191 191 179 131 79 138 101 
