146 149 132 115 92 93 55 174 168 56 196 90 89 148 138 87 62 64 79 164 68 127 124 170 134 125 172 108 169 187 199 129 167 122 107 169 101 140 184 186 143 124 108 200 102 51 130 186 69 130 
89 88 94 186 191 143 136 67 138 129 79 141 53 138 136 171 109 134 91 187 196 147 106 114 137 147 176 132 156 131 85 179 118 190 76 104 128 51 193 124 111 111 156 52 175 144 130 99 163 126 
65 108 199 79 183 137 141 99 156 143 98 164 170 64 195 123 193 147 83 93 191 82 178 136 190 133 108 195 193 108 149 89 67 108 77 62 166 102 133 54 81 156 69 137 55 188 51 128 57 150 
130 81 130 122 127 122 165 171 80 99 188 50 102 108 187 109 96 90 117 166 129 150 179 123 109 116 184 151 176 131 79 126 124 191 129 76 52 122 106 126 97 175 94 175 61 100 103 59 152 65 
63 132 151 55 121 166 191 75 70 102 159 194 111 108 150 52 123 173 56 177 82 133 95 52 159 78 70 123 138 79 66 102 149 56 75 182 74 129 63 199 94 137 198 63 195 154 70 111 168 140 
88 162 53 198 89 176 145 58 180 66 57 163 195 77 186 89 85 171 92 183 156 135 153 151 193 76 115 196 131 125 132 103 111 89 171 52 175 144 82 59 141 106 116 179 71 74 102 182 64 102 
123 69 80 193 111 139 50 101 152 188 55 58 154 140 85 107 180 52 77 70 122 124 164 108 163 168 60 92 96 84 53 192 159 153 126 137 100 194 131 145 174 107 96 90 188 122 130 199 166 122 
199 132 77 93 159 68 88 196 153 190 178 90 98 192 82 75 62 99 70 54 200 198 91 106 137 159 155 170 66 183 109 64 125 110 181 58 197 124 128 50 122 183 182 151 99 140 117 98 187 121 
86 161 178 87 161 58 140 114 96 55 174 165 180 156 121 153 184 57 199 93 105 143 122 103 52 156 111 57 79 58 129 153 182 151 137 79 78 165 148 165 167 95 133 87 142 90 79 167 100 76 
89 84 188 159 83 192 157 101 193 107 132 115 199 57 57 61 159 122 182 196 132 133 191 108 81 177 100 193 121 119 66 51 103 191 136 106 169 151 76 75 108 132 173 152 182 56 130 177 177 151 
101 97 144 51 108 157 160 198 51 56 153 190 183 167 176 189 200 169 170 193 109 120 77 114 148 74 96 134 186 127 129 87 112 136 167 163 127 109 63 199 186 199 155 167 68 103 97 145 74 99 
108 141 74 71 172 171 192 114 193 189 126 97 110 141 76 156 110 171 124 73 95 64 136 113 190 51 59 91 114 108 97 128 83 181 53 168 170 104 182 73 194 174 120 65 66 51 53 173 116 143 
89 113 109 117 176 64 100 56 156 162 177 116 195 56 127 105 98 143 155 155 191 79 58 106 155 111 101 152 143 75 104 51 133 85 116 62 172 192 107 152 182 141 89 191 189 163 200 73 75 130 
65 96 179 132 124 65 183 108 173 156 185 74 75 86 182 99 131 194 181 55 62 74 70 105 113 189 91 143 192 152 123 61 142 142 150 106 54 190 125 185 92 62 64 107 108 195 130 59 173 192 
155 142 198 65 180 77 61 105 108 172 71 171 191 118 183 185 154 198 199 77 170 113 128 163 158 133 63 85 138 121 114 169 87 59 71 132 78 184 53 72 186 144 190 166 200 127 137 112 127 179 
80 142 173 66 99 127 133 134 180 127 185 87 138 77 163 192 77 190 55 192 63 52 164 129 74 90 185 166 114 90 51 143 53 103 106 163 134 66 150 118 175 151 64 160 124 153 158 194 82 66 
69 123 70 151 73 70 84 102 153 111 73 123 99 56 106 195 58 173 60 74 111 112 150 50 141 187 112 170 192 196 188 99 191 94 55 154 139 85 59 128 73 85 130 52 189 60 151 108 87 114 
168 81 113 172 133 74 143 117 146 187 128 199 123 87 161 174 159 136 176 162 67 147 185 162 104 156 125 172 183 51 65 101 143 155 141 71 80 90 68 147 122 95 168 79 147 192 138 76 71 157 
192 164 104 55 92 60 123 95 59 125 124 138 137 199 133 200 74 63 180 171 182 122 92 78 110 189 150 182 94 62 92 110 88 129 99 107 120 52 164 118 184 135 131 93 106 119 138 100 135 119 
100 151 112 137 115 154 90 146 97 191 124 199 71 181 107 115 58 168 107 53 62 160 131 133 136 157 51 125 159 185 136 86 188 77 59 82 102 171 140 51 191 111 137 192 167 85 83 57 71 166 
