102 50 139 183 66 164 127 162 86 143 66 138 93 117 185 82 98 191 102 168 137 198 149 168 197 65 188 124 114 157 187 173 63 116 199 155 123 189 58 105 148 127 83 125 67 108 63 108 64 82 
99 119 123 69 116 62 78 61 93 50 92 84 128 112 135 146 74 196 58 163 171 158 182 197 122 95 81 184 144 111 142 105 109 172 138 69 130 186 120 53 92 75 152 136 93 131 109 50 70 184 
128 113 127 163 92 87 121 131 64 136 191 89 80 152 184 55 126 90 91 120 103 133 90 62 142 199 160 190 140 160 140 151 121 106 66 197 138 98 111 174 87 96 142 117 134 88 175 105 172 71 
76 133 170 59 95 177 200 53 125 180 139 169 181 134 115 99 149 114 192 50 72 169 51 91 105 51 176 190 182 61 194 143 181 118 75 162 62 141 146 121 111 71 84 191 194 175 172 93 108 151 
191 180 86 64 146 189 67 129 137 104 101 116 99 176 76 199 81 134 196 134 88 117 115 66 160 156 123 172 188 134 153 169 127 88 180 114 100 199 184 64 154 198 80 170 76 84 56 131 64 87 
195 185 122 94 156 144 162 111 166 174 199 154 64 114 56 97 178 127 72 124 186 103 133 198 64 125 153 126 140 198 110 101 165 178 175 156 124 64 98 71 168 88 73 134 97 159 96 194 158 67 
63 158 128 119 186 104 96 191 194 151 68 163 67 72 150 158 164 138 86 117 189 168 67 124 119 90 78 108 125 184 140 50 54 87 87 66 187 182 166 129 196 197 56 169 142 165 151 168 140 74 
134 72 112 50 57 198 178 87 161 143 79 138 98 50 167 192 166 132 70 63 65 158 145 199 193 139 153 56 112 107 141 193 77 78 58 85 129 77 74 78 69 76 109 95 102 197 53 192 188 127 
133 100 132 50 161 131 137 75 132 147 78 182 191 156 54 64 130 156 65 141 76 60 150 102 125 63 170 168 108 150 150 96 132 156 51 182 50 162 177 60 170 51 193 150 148 126 74 188 189 109 
56 165 131 70 178 191 99 165 117 102 107 174 76 161 185 67 62 186 56 50 169 106 117 100 94 76 159 155 170 87 158 68 84 84 175 191 96 94 62 191 162 141 115 108 159 77 169 84 195 146 
108 199 146 154 186 146 124 180 53 185 98 81 171 114 84 138 129 95 174 94 108 199 166 131 180 143 168 126 176 126 134 156 120 152 164 76 50 152 121 83 100 50 88 116 124 150 85 118 50 95 
104 103 92 63 93 71 188 62 194 69 54 76 108 160 141 94 150 122 198 51 171 166 102 81 95 68 123 195 68 124 133 102 50 110 78 79 152 119 160 139 53 200 169 90 148 108 59 106 58 173 
120 199 159 58 148 198 94 198 185 86 111 107 107 64 54 186 193 52 52 133 101 90 184 138 189 137 79 107 196 156 164 190 126 160 65 151 162 62 87 87 87 75 91 177 137 121 177 182 172 62 
54 129 156 122 147 187 150 154 130 115 109 108 166 61 131 69 126 84 57 129 97 156 120 86 134 143 72 159 53 176 115 151 61 126 154 188 130 126 145 196 173 96 92 167 85 59 115 181 70 104 
179 145 171 147 183 155 162 123 53 104 95 180 178 181 76 149 60 129 191 118 180 133 181 173 129 129 121 81 117 113 176 165 109 198 79 189 85 136 197 90 51 73 133 131 135 128 56 76 125 130 
111 101 171 105 77 165 182 135 191 107 87 54 69 71 169 120 66 185 150 153 59 168 176 77 173 198 112 91 200 91 133 120 148 97 95 67 178 51 53 65 87 195 188 157 77 82 61 85 100 120 
159 145 121 190 71 169 97 182 155 130 56 82 161 67 130 53 140 94 154 119 133 146 78 184 188 93 175 167 77 158 172 59 106 170 94 139 119 143 105 109 63 126 177 93 114 134 60 154 107 74 
72 52 194 190 153 142 73 101 132 144 195 147 145 149 197 99 99 157 85 138 127 88 152 74 154 171 188 72 114 52 154 166 95 144 146 56 175 66 188 85 120 138 74 51 57 160 95 76 199 88 
174 180 109 157 195 91 136 67 114 131 191 92 51 196 188 93 184 95 178 187 185 70 109 129 117 62 120 96 129 57 103 82 122 192 178 132 179 106 65 139 58 146 64 88 83 102 111 50 190 100 
75 57 81 195 167 101 104 117 119 194 84 119 77 145 106 138 179 61 148 170 134 150 173 148 131 92 140 96 178 171 183 54 101 67 103 116 159 194 107 189 162 163 110 155 178 133 136 174 133 70 
