73 174 120 77 174 197 139 52 177 180 121 115 83 108 94 176 112 153 122 181 79 172 101 139 170 92 66 147 59 187 191 68 109 184 116 87 98 109 96 149 115 174 109 82 109 184 52 83 200 126 
167 60 180 54 159 55 149 129 194 99 128 145 158 68 156 187 63 145 176 196 50 200 54 122 65 55 79 84 199 133 150 103 80 110 158 53 181 190 181 129 52 185 153 67 140 149 186 147 109 149 
142 79 122 182 108 176 171 133 190 165 105 140 100 161 113 62 100 93 132 87 166 135 154 109 151 87 78 75 198 108 159 115 135 135 117 110 109 118 66 78 133 187 83 115 59 159 127 67 193 101 
111 88 176 119 172 149 90 192 198 102 63 193 182 178 88 144 130 195 65 110 52 74 149 61 127 109 59 185 196 94 120 163 55 123 154 132 135 92 184 70 114 78 128 155 57 141 189 196 89 88 
162 93 194 120 129 158 67 66 158 106 151 75 117 66 186 165 70 158 136 148 149 171 175 191 160 126 173 69 116 78 57 83 150 90 162 183 58 102 174 120 136 172 193 64 61 56 108 77 67 104 
183 191 94 193 117 72 100 169 80 152 102 190 86 69 113 50 143 195 177 120 96 152 95 107 122 80 86 79 168 69 162 114 188 63 84 142 109 149 63 126 142 89 176 179 62 122 149 156 82 57 
67 144 77 80 163 169 111 109 117 88 93 90 88 108 128 176 124 180 162 136 190 68 178 152 163 150 158 61 87 65 135 90 164 114 189 168 191 95 83 105 184 192 50 132 63 84 191 153 174 169 
115 89 190 148 74 127 141 65 80 53 74 121 70 127 97 119 194 118 51 151 180 139 108 200 190 77 173 126 171 190 140 130 99 114 100 146 74 69 134 187 123 151 135 140 166 120 198 108 139 129 
91 83 150 98 116 80 198 153 73 89 81 147 175 87 78 200 130 71 183 150 115 185 119 149 163 174 161 140 146 182 56 139 83 167 105 138 79 104 200 178 200 65 140 154 82 70 153 82 59 167 
168 58 155 184 182 192 79 50 156 73 166 147 114 130 120 156 65 81 117 99 153 160 108 73 177 155 63 111 112 140 148 151 154 200 124 160 115 157 126 130 162 72 137 114 170 124 168 188 115 168 
150 195 153 155 126 61 84 61 119 100 177 191 70 124 182 198 140 100 155 119 121 98 100 110 180 200 61 188 70 176 98 152 193 77 130 105 160 56 116 56 196 78 105 98 133 116 199 91 119 138 
76 196 51 176 106 126 67 73 66 129 141 114 67 61 64 186 152 149 133 169 134 134 191 94 92 62 60 84 64 190 76 119 90 92 83 60 70 173 122 160 147 96 116 76 140 184 126 66 121 165 
148 134 62 109 100 200 170 184 52 70 152 168 125 190 89 162 102 128 100 125 163 139 101 132 58 67 190 180 93 169 75 76 175 71 189 63 166 152 51 148 183 190 141 116 178 51 108 196 167 87 
61 122 105 145 166 173 52 170 157 123 75 197 192 144 64 178 106 196 131 162 194 135 96 194 76 93 94 162 165 177 62 174 180 121 118 168 109 192 55 97 188 57 131 158 177 74 134 129 75 70 
135 148 131 69 62 58 59 128 134 82 108 134 196 106 143 196 164 200 138 60 51 91 193 143 121 67 182 66 129 131 111 121 118 180 139 64 76 142 106 61 52 127 83 136 97 129 152 88 158 90 
144 137 192 177 142 55 148 94 186 59 115 171 146 149 115 183 179 127 155 131 142 156 156 169 61 145 69 118 163 108 109 143 156 75 57 153 65 192 121 110 158 187 184 165 168 69 114 89 195 157 
188 94 155 188 100 81 158 162 141 181 198 80 129 64 188 172 151 53 57 159 190 144 53 172 149 106 78 68 198 132 121 95 87 176 191 52 85 197 167 84 62 50 190 97 125 167 89 164 94 140 
118 139 157 76 111 81 149 72 139 148 99 102 174 75 92 154 57 62 114 97 172 150 57 143 129 69 105 170 148 129 140 152 163 127 73 95 109 175 192 68 73 124 99 94 107 123 162 185 77 198 
134 124 92 188 74 52 69 176 175 92 183 191 109 62 165 86 87 93 109 153 165 178 115 85 128 57 112 155 130 52 177 104 195 171 135 69 84 54 126 109 85 112 154 62 145 70 163 96 146 117 
157 58 125 114 109 84 62 95 63 133 156 73 200 144 141 136 189 162 80 53 174 132 140 111 155 100 120 156 102 53 145 66 139 129 153 123 110 142 180 168 124 58 118 193 197 51 68 73 133 118 
