89 93 108 120 183 161 60 93 180 122 54 113 176 71 55 193 190 180 178 145 78 186 190 196 74 73 120 60 158 160 113 189 60 74 99 168 55 127 164 87 143 198 65 169 192 64 122 85 117 103 
153 62 133 76 154 54 154 66 174 154 178 94 53 173 122 165 104 198 57 53 80 72 52 78 71 198 122 81 86 101 97 123 124 179 64 105 87 52 130 187 105 136 155 84 182 175 194 200 59 139 
150 100 110 82 142 155 147 162 106 179 103 103 115 169 193 86 88 119 191 76 78 92 76 161 114 99 180 137 180 51 74 145 51 98 50 159 180 104 89 108 50 86 130 116 145 60 180 53 179 79 
161 167 59 83 122 164 139 76 126 160 120 91 133 154 142 145 103 193 70 100 170 161 68 97 68 164 143 116 79 135 70 67 96 72 125 54 151 157 72 66 199 196 191 129 94 180 113 153 112 84 
158 58 81 73 186 176 71 131 52 89 62 158 163 131 192 143 156 90 91 87 121 91 74 54 101 165 138 168 168 153 172 189 167 82 144 131 188 98 90 50 105 77 171 183 161 133 141 135 173 168 
51 127 104 139 127 149 151 94 170 143 117 143 176 111 109 172 97 94 71 61 174 114 64 72 171 200 134 56 188 107 183 159 156 79 195 163 79 147 174 154 114 59 137 90 114 66 137 69 158 108 
196 80 168 68 134 107 152 129 61 151 71 128 176 123 109 128 184 87 55 171 139 173 74 103 162 75 79 122 81 157 112 97 78 134 170 111 199 106 76 117 135 179 81 114 131 167 83 84 71 99 
122 200 152 171 176 85 188 148 109 199 66 108 73 60 50 172 73 148 135 185 81 95 155 179 156 142 161 136 130 142 66 54 151 63 155 62 114 51 120 176 191 75 196 93 176 82 52 105 171 89 
101 56 175 70 134 148 180 141 67 67 169 122 141 78 106 200 73 103 62 123 78 143 106 133 115 172 127 174 85 120 105 147 92 67 92 130 145 53 138 195 83 195 145 76 178 111 55 150 122 139 
65 54 92 150 194 158 50 143 111 128 64 63 62 91 89 167 189 145 173 132 115 91 133 188 178 137 119 60 161 60 200 60 191 129 98 116 133 90 66 152 182 114 110 52 185 146 59 186 95 59 
111 134 140 74 122 63 109 65 119 100 85 81 193 101 81 106 99 76 155 177 66 86 119 84 109 171 106 87 106 155 63 50 68 82 195 92 93 179 105 151 93 75 191 67 119 81 150 131 157 185 
139 67 83 174 174 69 156 170 161 150 171 143 71 78 59 108 55 97 77 183 53 165 167 93 184 182 141 172 88 123 93 108 62 167 142 84 173 180 107 66 185 121 174 114 120 176 164 169 50 197 
89 67 169 108 78 82 173 135 96 128 56 83 91 87 150 135 98 131 115 154 182 148 108 91 180 71 82 162 70 183 154 53 130 168 86 59 74 84 65 101 117 50 90 95 95 176 129 87 98 68 
174 112 55 64 111 160 84 62 155 79 128 191 140 84 188 108 62 179 165 110 165 100 167 84 98 168 112 94 119 142 121 145 94 105 69 187 173 126 70 175 110 57 147 196 181 109 83 158 83 106 
118 141 123 164 197 113 164 91 55 132 193 123 134 200 95 111 173 101 69 98 157 91 192 149 152 170 96 106 77 178 155 160 66 119 143 174 144 64 92 187 55 94 70 160 86 112 120 189 78 112 
128 185 199 135 64 188 71 53 105 55 114 68 154 137 50 109 74 171 80 56 163 103 148 54 169 82 69 107 137 178 157 191 172 54 187 70 173 92 52 54 76 91 126 76 137 68 173 140 164 196 
65 103 77 172 133 53 105 183 155 153 133 144 90 126 122 125 96 157 79 154 147 195 123 55 179 189 179 60 146 57 159 147 144 106 164 199 170 98 196 151 102 104 123 86 76 122 151 72 191 92 
122 148 173 166 162 93 175 134 79 152 197 128 54 76 196 163 171 75 181 165 101 135 109 164 143 84 65 52 76 177 118 70 63 77 154 77 53 52 153 133 112 159 159 132 94 191 86 111 170 68 
147 193 186 137 55 122 104 142 77 57 119 121 114 174 138 176 181 153 60 89 138 150 124 129 78 118 170 103 120 130 110 78 111 93 159 164 110 116 88 198 187 93 142 196 98 80 151 156 98 136 
92 60 141 192 135 190 64 100 122 179 134 144 109 82 176 191 128 74 126 170 53 118 81 84 111 93 126 108 87 112 117 188 155 132 158 154 191 98 134 63 190 190 103 117 162 136 57 181 153 188 
