96 174 168 138 53 74 64 145 106 95 166 51 157 172 195 116 180 137 97 132 182 97 151 94 154 63 136 93 118 57 94 66 148 156 54 123 140 193 198 149 142 93 173 142 106 96 106 127 160 187 
64 68 136 102 50 126 182 144 147 162 157 90 198 197 74 194 128 131 60 64 157 125 129 188 182 107 188 198 162 95 140 163 178 96 181 86 166 99 126 81 147 90 93 50 163 179 191 127 158 148 
188 109 68 174 95 187 54 101 132 129 78 160 194 180 129 124 184 182 141 70 142 184 149 175 126 127 196 179 182 197 60 149 185 172 139 164 185 147 106 112 155 173 102 69 62 151 67 193 55 93 
147 162 58 107 171 98 196 92 133 127 147 137 63 93 60 118 58 169 56 74 57 116 69 184 110 83 55 87 146 179 51 149 136 104 120 56 87 127 134 184 191 165 153 87 98 79 163 137 192 174 
87 73 85 75 179 188 56 72 149 99 74 99 163 100 141 139 87 184 73 66 115 66 62 192 85 129 99 188 135 143 86 79 176 197 67 85 77 86 127 117 135 94 162 103 130 174 122 119 139 143 
164 159 57 178 126 170 94 145 157 187 108 72 118 142 182 145 191 80 154 102 137 61 74 79 128 176 181 167 121 109 121 133 96 178 67 77 83 122 149 117 64 130 109 189 143 81 84 167 194 129 
88 185 130 108 145 162 143 140 139 52 109 84 148 152 59 187 147 101 173 132 187 125 72 56 55 172 98 128 132 161 120 139 52 154 82 70 191 92 85 103 168 127 137 79 147 148 101 83 191 155 
105 195 109 195 134 144 57 182 147 124 85 123 170 147 111 155 197 126 173 175 134 159 172 108 185 192 167 166 124 51 131 173 125 65 87 155 57 104 117 98 86 120 129 149 94 184 70 56 159 58 
173 59 177 87 101 189 161 128 72 50 183 112 99 107 108 162 109 78 107 83 128 126 89 79 107 130 104 110 79 197 179 166 83 93 103 103 95 136 57 107 146 192 188 120 112 86 156 60 129 140 
100 65 180 193 111 178 140 57 111 75 179 194 102 57 70 127 109 109 187 188 92 109 185 183 53 67 84 113 152 152 68 160 159 170 97 98 187 198 156 175 183 65 153 135 152 150 113 104 94 143 
152 157 115 176 105 161 152 82 118 61 58 133 117 58 112 52 53 118 129 137 55 66 92 199 124 130 179 175 161 70 113 76 107 181 53 105 91 66 106 128 60 130 67 64 132 155 90 106 112 101 
133 52 156 171 65 134 112 166 117 71 126 167 75 70 60 118 67 63 144 83 146 155 100 89 153 68 85 115 81 105 77 67 170 60 143 123 183 113 176 102 127 144 194 186 196 120 65 153 93 121 
80 196 54 97 167 186 64 178 68 156 75 116 97 62 143 192 115 108 83 65 118 118 151 154 60 167 91 56 63 192 152 111 134 189 72 178 86 89 84 185 140 140 68 186 61 155 186 83 143 106 
157 54 82 121 60 75 144 97 136 147 193 163 186 83 59 92 141 153 169 89 124 94 174 180 63 50 52 136 60 189 110 200 199 130 103 189 106 91 79 64 109 196 180 172 75 141 175 186 59 66 
177 53 174 119 162 186 64 183 194 120 58 118 172 117 159 181 112 125 169 148 65 102 93 139 94 195 78 151 166 97 79 99 56 170 154 88 65 168 80 136 51 96 101 144 147 134 144 76 77 53 
58 103 120 196 175 54 50 81 78 192 136 155 161 114 100 51 66 187 109 83 129 55 134 77 192 149 122 179 113 127 163 125 116 175 80 125 147 152 51 157 194 101 158 184 112 113 194 83 139 63 
189 137 76 70 93 99 109 78 151 125 181 175 122 60 160 188 198 70 104 179 144 168 169 81 117 105 51 84 110 76 81 178 165 185 99 146 70 69 165 88 107 94 165 52 53 58 89 184 90 162 
152 167 118 184 131 90 170 94 102 151 120 162 135 147 165 179 74 81 101 71 149 94 129 160 191 175 96 186 185 113 98 175 93 137 104 150 135 152 139 119 88 120 82 196 166 105 133 171 189 114 
114 60 82 73 172 191 85 193 132 87 54 136 73 136 191 92 125 184 164 199 113 100 142 87 50 58 124 90 134 160 178 168 76 165 65 64 159 154 134 197 84 178 137 177 137 169 110 174 97 126 
134 73 151 53 97 135 119 103 188 58 198 94 83 150 151 88 125 164 131 117 173 108 69 149 200 65 77 196 121 57 129 141 190 130 124 96 95 179 125 106 166 170 171 173 107 105 91 158 72 84 
