96 148 200 77 125 163 93 128 133 57 60 50 59 94 195 137 69 185 65 82 108 192 169 182 136 144 154 92 61 159 75 180 137 171 74 86 88 158 111 172 146 87 74 148 130 86 93 97 90 93 
50 166 128 73 59 58 191 64 134 177 59 88 90 143 128 80 164 122 58 183 50 114 117 62 173 71 177 132 191 181 120 190 192 176 101 163 184 118 200 121 174 181 154 186 63 78 76 200 140 161 
139 106 193 198 116 121 134 71 85 157 147 96 173 161 112 70 182 180 65 173 165 187 83 111 53 149 170 88 160 181 183 148 87 102 58 103 83 176 100 66 144 91 60 192 140 74 101 80 175 151 
118 74 115 71 184 95 170 139 126 169 130 55 82 144 53 198 50 154 131 76 121 89 135 170 162 108 85 77 55 97 132 105 139 170 100 107 106 74 109 169 80 58 62 85 144 178 143 123 110 117 
99 194 159 144 91 183 69 130 94 96 82 137 55 77 58 96 194 111 144 111 180 104 170 135 55 160 131 95 102 68 163 103 147 85 86 198 144 73 137 132 130 137 50 177 193 109 99 132 194 127 
199 80 188 117 65 71 81 103 169 159 82 73 119 113 158 135 137 186 72 93 104 184 174 135 193 163 144 91 165 153 71 130 85 129 185 84 177 181 137 112 141 149 181 188 181 188 191 56 158 163 
54 194 148 93 85 105 199 160 52 75 145 70 121 174 130 68 174 188 145 69 89 171 146 113 141 158 79 115 179 95 51 149 66 186 128 164 194 144 122 199 166 113 69 142 61 90 118 126 105 161 
53 136 132 186 193 66 107 193 135 171 72 123 85 131 184 182 195 140 103 124 73 127 75 113 99 65 82 95 196 200 179 199 114 70 182 149 197 140 173 51 54 76 152 94 138 64 128 148 180 108 
193 153 78 60 72 139 83 184 99 183 124 151 91 193 80 57 177 129 139 132 77 102 129 192 120 192 148 171 173 59 52 197 112 112 72 81 98 108 158 127 52 122 169 113 88 194 140 169 80 125 
61 110 111 110 186 174 150 78 115 190 85 193 68 126 136 117 50 90 189 91 142 174 200 69 61 182 64 107 165 73 179 64 62 106 61 154 190 168 140 96 97 128 189 79 172 111 114 59 70 102 
186 167 143 189 78 104 192 122 161 142 167 81 182 107 157 122 114 161 89 60 163 67 67 108 145 157 136 107 66 65 98 103 169 117 103 84 148 90 113 117 173 62 139 92 122 191 118 124 103 65 
121 85 163 195 58 70 172 116 178 110 188 186 165 194 176 177 102 109 137 118 188 166 135 87 64 50 56 184 78 199 114 106 55 63 110 157 163 73 133 103 194 161 96 102 58 142 187 137 54 109 
104 58 89 83 189 139 59 91 65 182 84 95 174 76 102 161 146 167 84 143 141 119 70 191 185 179 80 134 133 95 159 121 127 164 151 105 119 148 77 93 102 63 90 135 116 74 152 134 135 64 
190 120 105 168 130 173 117 108 143 173 194 149 152 72 159 164 170 132 111 195 55 127 144 85 116 155 168 52 86 84 118 73 152 116 187 111 76 127 183 110 65 76 196 106 58 84 175 170 152 181 
149 67 71 156 190 134 88 107 54 118 69 152 156 190 161 54 193 115 54 108 93 188 186 85 64 74 183 169 173 70 165 87 163 159 186 182 114 175 145 63 53 83 101 70 185 196 164 132 176 196 
195 68 185 120 145 102 127 169 73 80 176 136 188 103 184 114 145 102 115 105 186 60 86 65 171 65 166 100 169 59 145 80 160 151 65 68 100 148 52 60 157 67 81 116 108 151 192 188 132 158 
112 199 175 105 177 187 100 107 79 141 95 113 50 97 50 90 119 125 117 62 64 170 101 120 108 140 177 114 112 184 166 178 200 62 129 169 145 121 151 54 82 191 74 90 95 128 105 113 149 159 
173 100 184 178 157 118 200 117 105 148 120 62 99 187 196 131 135 192 57 151 114 111 55 195 148 52 127 62 94 191 136 118 155 187 75 66 114 135 170 184 116 73 193 91 75 100 91 169 184 78 
85 111 72 71 50 183 119 180 96 94 79 182 83 184 163 59 106 125 195 137 161 109 192 130 98 90 70 175 200 169 182 156 192 143 93 72 145 112 152 169 198 120 103 143 166 166 56 178 144 194 
159 134 187 193 75 71 160 184 196 111 109 57 93 113 141 90 78 143 137 171 169 134 127 192 196 168 133 102 57 67 150 121 52 175 130 59 174 70 196 51 101 102 181 136 94 59 97 101 67 54 
