99 51 63 191 99 74 156 87 158 139 169 95 98 109 190 89 120 139 115 100 120 175 65 162 109 99 152 110 145 56 75 62 187 54 116 158 82 132 96 116 67 114 102 56 74 183 167 132 146 107 
164 120 133 175 78 128 50 143 127 99 173 164 141 182 153 151 84 92 136 54 67 145 162 180 82 119 66 148 63 136 76 121 60 171 124 190 64 131 161 199 182 113 92 100 103 54 133 127 198 84 
182 113 186 157 83 94 123 131 121 194 100 81 147 101 89 192 156 62 78 194 111 81 152 74 171 153 191 79 172 186 189 75 127 174 144 60 137 183 187 91 126 100 67 183 59 82 179 130 129 129 
50 115 86 176 127 63 61 200 57 133 77 195 188 164 167 144 107 148 86 137 184 156 102 145 82 130 177 68 59 86 82 167 82 77 183 82 140 160 152 160 130 172 165 140 123 154 178 121 116 191 
58 67 124 185 55 191 130 147 170 179 159 165 185 149 149 191 106 120 175 153 70 147 110 82 62 127 170 151 178 100 82 187 91 199 114 194 130 148 75 83 72 200 102 175 147 85 101 194 75 123 
164 135 174 167 170 131 59 74 157 119 167 113 90 67 131 126 61 50 154 118 102 172 129 187 64 82 111 185 109 57 66 194 135 52 62 112 57 63 55 172 153 174 131 87 102 142 188 160 118 82 
92 92 120 121 196 161 167 156 60 90 71 130 120 102 69 157 66 76 143 155 161 124 184 137 196 139 98 200 180 130 89 165 197 105 61 173 187 111 183 68 107 93 56 92 187 185 194 104 57 187 
70 163 98 52 67 135 168 130 85 110 89 130 176 183 102 85 183 198 82 144 130 99 56 75 156 153 128 146 82 156 188 170 107 69 101 198 174 148 143 111 92 120 107 73 76 175 184 153 163 143 
68 182 128 82 145 110 189 149 164 107 160 127 149 89 95 91 161 167 70 162 53 181 175 109 186 140 191 184 199 167 152 191 93 116 93 153 147 163 142 149 129 156 199 139 67 52 198 71 183 132 
173 168 113 172 107 185 189 176 113 107 191 184 180 150 169 101 190 157 121 92 181 151 66 199 70 165 56 61 154 83 133 86 95 158 78 117 140 85 192 146 140 147 191 148 145 57 65 116 82 89 
114 98 192 82 83 107 194 187 64 157 174 133 187 137 151 136 136 85 97 78 179 132 65 61 67 199 119 185 64 100 131 103 157 123 84 102 194 173 186 187 175 123 193 152 133 59 149 103 160 192 
124 61 196 182 82 60 120 65 200 127 60 113 197 53 118 152 91 145 175 50 62 155 159 86 168 154 119 196 151 68 163 142 91 159 51 160 178 61 189 120 57 164 154 180 89 103 151 61 172 76 
163 116 89 84 72 65 81 80 52 108 164 198 139 132 194 129 63 50 143 136 98 180 132 53 62 146 165 118 95 72 154 146 58 111 180 125 107 121 89 106 57 71 145 56 72 104 198 107 162 105 
164 58 107 98 145 82 160 120 130 118 75 142 193 78 120 194 195 129 142 56 69 183 162 181 147 120 80 190 195 160 184 88 77 60 163 77 133 166 135 183 88 130 53 127 165 128 69 191 94 104 
192 167 73 190 159 197 177 115 118 113 146 132 183 187 117 77 197 56 162 153 183 75 90 182 126 72 121 182 138 194 85 62 105 191 176 92 50 149 182 74 125 91 192 99 121 101 166 198 126 171 
168 120 113 113 140 161 78 64 138 54 167 113 176 173 168 54 177 77 52 182 65 185 179 84 193 65 170 99 53 67 156 144 110 71 95 124 185 104 126 85 159 89 60 128 173 154 53 183 199 120 
138 110 124 189 191 90 181 117 114 119 161 84 177 197 123 95 58 54 123 57 178 156 159 113 82 81 126 187 169 139 85 118 193 163 157 131 57 156 66 115 97 62 65 54 63 136 66 54 145 120 
101 68 123 190 129 178 107 86 190 149 157 129 157 52 164 88 57 63 115 64 80 158 178 101 193 84 127 116 119 195 107 199 63 192 139 145 89 118 72 70 165 76 99 100 156 134 60 200 120 195 
82 93 176 116 170 70 169 137 66 181 186 91 57 141 53 185 88 170 80 148 126 81 100 162 60 195 149 51 98 179 138 131 116 114 183 93 101 77 166 182 165 116 193 150 171 61 62 109 120 154 
168 109 174 130 143 150 92 145 75 175 110 126 152 90 58 189 100 123 60 193 156 191 92 52 92 102 81 193 181 186 69 183 140 76 186 199 88 90 80 175 197 51 134 106 149 142 187 118 106 169 
