93 147 123 83 158 73 122 53 54 52 163 158 65 86 200 144 90 135 78 165 91 169 85 177 198 178 119 78 91 58 113 70 110 107 142 89 198 102 149 183 65 74 93 78 137 161 196 121 174 117 
115 167 139 179 172 125 164 145 167 76 140 168 104 61 146 85 174 168 136 74 97 103 97 196 131 95 161 96 109 54 53 54 144 173 88 133 118 65 90 115 113 68 94 150 72 152 100 127 116 61 
193 107 101 193 108 128 136 71 142 65 56 88 89 109 169 55 62 152 53 97 173 137 146 125 82 103 50 128 193 56 80 72 92 171 136 117 83 111 176 133 184 95 137 106 65 69 106 104 133 57 
93 57 181 189 65 132 181 135 58 123 67 81 89 174 105 91 160 188 176 162 81 77 187 72 138 187 84 106 84 122 171 130 190 130 57 179 184 93 115 57 99 159 143 185 73 155 149 152 118 158 
118 80 196 115 151 185 133 148 128 170 139 185 142 51 132 87 68 98 123 130 162 135 164 152 108 131 179 74 92 185 90 122 110 196 171 127 174 173 179 152 198 139 71 182 113 111 143 195 53 164 
166 182 90 189 80 58 129 65 158 104 50 183 146 65 82 164 171 110 154 86 172 102 170 124 193 119 102 149 133 162 178 71 55 154 72 191 110 180 93 62 126 85 87 141 186 171 132 174 119 178 
84 128 140 95 94 163 120 125 69 165 148 188 174 52 199 66 76 125 51 107 61 125 112 127 65 55 98 56 83 192 151 112 58 53 103 119 194 73 137 138 77 160 68 65 106 111 160 62 173 123 
139 76 119 188 50 154 97 84 59 138 82 116 163 112 119 75 61 55 114 54 138 68 137 141 62 79 56 186 167 98 75 176 144 62 74 112 91 59 91 85 78 120 151 72 113 193 108 109 154 124 
126 85 74 92 56 117 135 106 131 143 54 98 200 125 121 83 57 141 144 153 54 71 154 200 180 118 169 187 111 77 54 141 73 72 113 53 194 108 124 65 162 77 176 102 158 120 113 51 74 147 
177 112 94 62 115 169 89 90 110 195 169 54 174 115 121 152 178 61 104 132 154 68 151 167 187 120 112 165 149 70 154 83 73 181 115 79 84 159 119 51 75 134 113 120 158 91 161 91 106 196 
191 65 189 118 127 66 111 129 172 116 93 133 198 130 73 120 122 152 163 195 82 150 117 188 181 61 88 165 106 190 95 50 56 88 174 110 140 111 178 70 96 136 93 127 131 100 182 109 63 161 
141 194 116 161 198 59 104 118 184 168 192 70 104 87 153 84 194 132 114 116 79 155 192 92 137 135 52 185 161 143 142 144 97 112 84 88 189 167 164 83 198 125 82 192 151 137 129 93 167 164 
147 126 171 110 112 158 197 124 83 54 136 185 56 144 91 103 167 165 174 145 138 58 170 105 58 189 167 145 183 160 149 78 60 115 115 79 64 57 79 113 72 58 143 166 52 55 174 60 124 108 
149 50 56 145 127 68 128 74 143 177 160 184 180 88 149 139 87 177 197 123 179 154 186 180 130 133 176 81 76 67 189 161 170 200 195 151 79 166 174 97 131 110 156 66 137 153 129 180 176 180 
162 90 125 199 166 176 102 99 119 127 120 104 161 196 51 133 177 193 176 144 96 130 95 95 62 168 185 119 193 151 74 135 159 151 133 84 80 188 130 198 128 101 161 189 173 167 123 104 179 87 
100 87 127 129 59 97 172 98 170 178 105 197 144 55 184 199 106 146 167 133 192 76 90 72 191 82 73 108 172 186 168 105 121 126 65 126 107 199 125 79 77 113 104 88 51 72 184 135 80 157 
91 163 178 103 146 108 186 192 190 130 200 115 66 76 195 130 186 86 85 150 110 180 181 199 151 130 128 133 52 164 78 86 136 55 192 160 83 133 111 62 118 127 114 51 194 131 112 164 188 53 
52 116 112 178 133 153 82 102 165 153 82 194 112 91 164 120 93 98 87 78 68 182 81 69 187 116 66 106 101 182 90 151 123 83 68 155 180 186 55 170 162 162 65 141 175 74 55 142 106 185 
145 176 139 181 175 161 152 99 198 144 74 182 88 130 179 151 162 198 97 98 102 120 184 163 192 72 99 130 170 141 66 54 186 64 97 185 66 81 102 60 154 90 81 52 103 126 157 88 74 97 
101 187 128 128 52 120 147 61 152 91 135 63 167 58 93 139 150 54 200 193 191 175 197 95 158 178 74 199 60 80 187 99 91 184 62 144 104 117 169 188 135 139 55 88 66 67 147 197 191 152 
