99 174 94 130 171 163 186 69 185 100 63 94 151 180 190 110 159 189 83 200 197 119 84 99 91 180 172 109 87 158 55 177 175 68 136 121 181 98 160 138 71 107 154 60 99 173 153 102 77 163 
150 67 126 147 87 60 60 62 114 114 76 162 184 127 56 188 120 83 134 173 111 136 150 54 72 83 54 83 92 71 56 147 74 98 194 115 81 152 85 86 57 52 153 85 153 105 168 50 181 97 
133 110 160 181 104 179 52 101 75 71 169 167 126 81 73 139 154 59 154 147 134 85 86 161 98 174 165 139 150 170 161 74 179 104 62 150 186 62 181 196 115 169 176 154 137 156 63 169 98 187 
173 179 143 140 139 60 184 96 200 174 59 111 56 63 160 72 100 134 162 138 97 129 168 131 134 155 55 58 118 154 163 124 84 144 163 135 159 107 127 145 171 64 73 138 168 102 157 108 185 134 
69 187 198 104 119 186 144 54 115 176 166 51 77 127 67 148 62 198 94 198 135 186 67 175 183 158 52 58 145 176 158 61 61 86 133 156 198 136 86 98 66 92 141 98 59 172 78 56 128 108 
197 57 155 106 110 183 197 182 167 91 140 114 92 189 107 116 158 157 73 108 69 143 78 91 129 69 73 109 152 100 166 191 124 154 180 120 150 123 193 167 78 194 51 85 139 98 144 50 83 115 
59 100 137 106 135 104 72 175 124 113 107 116 93 122 140 188 93 163 116 93 64 170 107 194 130 124 79 187 76 63 171 175 60 137 108 115 190 163 68 164 105 79 138 155 101 128 59 146 123 193 
169 104 122 194 125 57 67 140 73 157 75 130 92 166 175 112 181 60 162 94 69 67 110 81 71 177 194 76 154 153 85 195 96 75 196 193 163 184 199 65 61 76 131 170 121 55 90 95 184 193 
87 126 180 55 116 60 111 54 191 90 101 166 141 175 67 136 78 67 103 61 152 156 64 72 198 53 84 94 140 180 176 71 122 135 62 132 149 135 92 169 186 87 180 131 193 160 182 179 134 116 
134 62 197 91 181 182 199 198 115 71 97 184 148 68 86 91 131 138 123 146 80 65 83 85 77 129 187 55 168 156 93 141 149 95 193 172 143 55 177 68 54 58 76 94 165 170 66 71 57 200 
146 108 69 97 56 200 83 76 107 87 132 81 101 186 196 54 197 127 56 153 136 133 193 119 88 75 76 117 121 95 115 130 69 58 134 79 99 196 193 175 136 56 114 179 123 95 177 121 153 156 
113 94 52 53 75 145 180 165 111 165 121 131 136 177 83 60 126 191 167 84 104 166 194 84 79 135 90 114 148 161 199 179 128 162 169 193 157 172 146 121 123 180 57 97 102 125 122 197 131 66 
188 128 124 71 93 169 76 145 50 134 173 176 65 145 154 98 94 109 144 63 121 179 51 89 187 159 155 196 164 125 161 156 51 86 108 53 141 180 81 166 170 145 166 156 126 172 165 158 154 63 
197 125 131 145 63 180 133 131 136 144 76 128 160 67 69 117 73 107 84 162 152 66 131 86 200 74 196 106 69 55 192 112 182 196 96 150 103 51 88 78 195 162 69 61 147 71 69 176 186 67 
164 181 121 76 186 144 200 191 129 111 157 166 167 110 119 102 126 197 198 113 61 160 184 128 96 102 77 200 145 167 170 50 60 178 57 185 99 156 96 152 128 78 192 176 160 163 185 104 74 163 
153 84 178 187 110 58 154 152 132 93 57 95 53 163 101 117 106 144 57 54 123 190 131 71 172 132 63 171 109 150 140 100 154 199 80 68 140 100 129 138 122 56 134 61 169 192 51 136 191 64 
60 172 72 72 124 177 174 145 192 136 75 173 105 81 165 148 129 109 135 90 99 158 90 152 73 116 101 65 171 95 169 119 78 192 187 154 131 57 52 82 73 158 125 92 105 55 82 133 52 116 
122 151 190 184 155 54 136 109 194 146 158 180 122 92 197 190 117 174 71 144 195 175 103 135 152 111 158 143 180 121 144 142 124 90 110 61 69 100 103 134 193 180 57 147 66 130 168 197 117 159 
54 146 166 114 198 61 52 123 180 188 60 137 66 190 175 151 70 110 112 87 174 89 151 54 107 76 95 136 165 188 143 119 82 92 60 102 86 185 184 154 128 57 159 115 200 58 160 114 167 71 
192 171 58 119 121 86 131 75 83 77 172 88 160 54 200 189 53 101 67 95 151 66 150 95 88 55 137 99 118 195 91 164 152 121 192 162 167 133 151 120 131 132 146 70 137 96 192 62 99 138 
